000010000
000010000
000101000
000101000
001000100
001000100
011111110
010000010
010000010
000000000
000000000
000000000
7
011111100
010000010
010000010
010000010
011111100
010000010
010000010
010000010
011111100
000000000
000000000
000000000
7
000111000
001000100
010000010
010000000
010000000
010000000
010000010
001000100
000111000
000000000
000000000
000000000
7
011111000
010000100
010000010
010000010
010000010
010000010
010000010
010000100
011111000
000000000
000000000
000000000
7
011111110
010000000
010000000
010000000
011111110
010000000
010000000
010000000
011111110
000000000
000000000
000000000
7
011111110
010000000
010000000
010000000
011111100
010000000
010000000
010000000
010000000
000000000
000000000
000000000
7
000111100
001000010
010000000
010000000
010011110
010000010
010000010
001000110
000111010
000000000
000000000
000000000
7
010000010
010000010
010000010
010000010
011111110
010000010
010000010
010000010
010000010
000000000
000000000
000000000
7
001110000
000100000
000100000
000100000
000100000
000100000
000100000
000100000
001110000
000000000
000000000
000000000
4
000000100
000000100
000000100
000000100
000000100
000000100
001000100
001000100
000111000
000000000
000000000
000000000
7
010000100
010001000
010010000
010100000
011000000
010100000
010010000
010001000
010000100
000000000
000000000
000000000
6
010000000
010000000
010000000
010000000
010000000
010000000
010000000
010000000
011111110
000000000
000000000
000000000
7
100000001
110000011
110000011
101000101
101000101
100101001
100101001
100010001
100010001
000000000
000000000
000000000
9
010000100
011000100
011000100
010100100
010100100
010010100
010010100
010001100
010001100
000000000
000000000
000000000
6
000111000
001000100
010000010
010000010
010000010
010000010
010000010
001000100
000111000
000000000
000000000
000000000
7
011111100
010000010
010000010
010000010
011111100
010000000
010000000
010000000
010000000
000000000
000000000
000000000
7
000111000
001000100
010000010
010000010
010000010
010000010
010001010
001000100
000111010
000000000
000000000
000000000
7
011111100
010000010
010000010
010000010
011111100
010000010
010000010
010000010
010000010
000000000
000000000
000000000
7
001111100
010000010
010000010
010000000
001111100
000000010
010000010
010000010
001111100
000000000
000000000
000000000
7
011111110
000010000
000010000
000010000
000010000
000010000
000010000
000010000
000010000
000000000
000000000
000000000
7
010000010
010000010
010000010
010000010
010000010
010000010
010000010
010000010
001111100
000000000
000000000
000000000
7
010000010
010000010
010000010
001000100
001000100
000101000
000101000
000010000
000010000
000000000
000000000
000000000
7
100010001
100010001
100010001
010101010
010101010
010101010
001000100
001000100
001000100
000000000
000000000
000000000
8
010000010
010000010
001000100
000101000
000010000
000101000
001000100
010000010
010000010
000000000
000000000
000000000
7
010000010
010000010
001000100
000101000
000010000
000010000
000010000
000010000
000010000
000000000
000000000
000000000
7
011111110
000000010
000000100
000001000
000010000
000100000
001000000
010000000
011111110
000000000
000000000
000000000
7
000000000
000000000
001111000
010000100
000000100
001111100
010000100
010000100
001111010
000000000
000000000
000000000
7
010000000
010000000
010000000
011111000
010000100
010000100
010000100
010000100
011111000
000000000
000000000
000000000
6
000000000
000000000
001111000
010000100
010000000
010000000
010000000
010000100
001111000
000000000
000000000
000000000
6
000000100
000000100
000000100
001111100
010000100
010000100
010000100
010000100
001111100
000000000
000000000
000000000
6
000000000
000000000
001111000
010000100
010000100
011111100
010000000
010000100
001111000
000000000
000000000
000000000
6
000011100
000100000
000100000
000100000
011111000
000100000
000100000
000100000
000100000
000000000
000000000
000000000
6
000000000
000000000
001111000
010000100
010000100
010000100
010000100
001111100
000000100
010000100
001111000
000000000
6
010000000
010000000
010000000
011111000
010000100
010000100
010000100
010000100
010000100
000000000
000000000
000000000
6
000100000
000000000
000100000
000100000
000100000
000100000
000100000
000100000
000100000
000000000
000000000
000000000
2
000100000
000000000
000100000
000100000
000100000
000100000
000100000
000100000
000100000
001000000
000000000
000000000
3
010000000
010000000
010001000
010010000
010100000
011100000
010010000
010001000
010000100
000000000
000000000
000000000
6
000100000
000100000
000100000
000100000
000100000
000100000
000100000
000100000
000100000
000000000
000000000
000000000
3
000000000
000000000
111011000
100100100
100100100
100100100
100100100
100100100
100100100
000000000
000000000
000000000
6
000000000
000000000
011111000
010000100
010000100
010000100
010000100
010000100
010000100
000000000
000000000
000000000
6
000000000
000000000
001111000
010000100
010000100
010000100
010000100
010000100
001111000
000000000
000000000
000000000
6
000000000
000000000
011111000
010000100
010000100
010000100
010000100
011111000
010000000
010000000
010000000
000000000
6
000000000
000000000
001111100
010000100
010000100
010000100
010000100
001111100
000000100
000000100
000000100
000000000
6
000000000
000000000
001011000
001100000
001000000
001000000
001000000
001000000
001000000
000000000
000000000
000000000
5
000000000
000000000
001111000
010000100
010000000
001111000
000000100
010000100
001111000
000000000
000000000
000000000
6
000100000
000100000
011111000
000100000
000100000
000100000
000100000
000100000
000011000
000000000
000000000
000000000
5
000000000
000000000
010000100
010000100
010000100
010000100
010000100
010000100
001111100
000000000
000000000
000000000
6
000000000
000000000
010000100
010000100
010000100
001001000
001001000
000110000
000110000
000000000
000000000
000000000
6
000000000
000000000
100010001
100010001
100010001
010101010
010101010
001000100
001000100
000000000
000000000
000000000
8
000000000
000000000
001000100
001000100
000101000
000010000
000101000
001000100
001000100
000000000
000000000
000000000
6
000000000
000000000
010000100
010000100
010000100
001001000
001001000
000110000
000010000
000100000
011000000
000000000
6
000000000
000000000
011111100
000000100
000001000
000010000
000100000
001000000
011111100
000000000
000000000
000000000
6
000111000
001000100
001000100
001000100
001000100
001000100
001000100
001000100
000111000
000000000
000000000
000000000
5
000010000
000110000
000010000
000010000
000010000
000010000
000010000
000010000
000111000
000000000
000000000
000000000
5
000111000
001000100
001000100
000000100
000001000
000010000
000100000
001000000
001111100
000000000
000000000
000000000
5
000111000
001000100
001000100
000000100
000111000
000000100
001000100
001000100
000111000
000000000
000000000
000000000
6
000011000
000011000
000101000
000101000
001001000
001001000
001111100
000001000
000001000
000000000
000000000
000000000
5
001111100
001000000
001000000
001000000
001111000
000000100
000000100
001000100
000111000
000000000
000000000
000000000
6
000111000
001000100
001000000
001000000
001111000
001000100
001000100
001000100
000111000
000000000
000000000
000000000
5
001111100
000000100
000001000
000001000
000010000
000010000
000100000
000100000
000100000
000000000
000000000
000000000
6
000111000
001000100
001000100
001000100
000111000
001000100
001000100
001000100
000111000
000000000
000000000
000000000
5
000111000
001000100
001000100
001000100
000111100
000000100
000000100
001000100
000111000
000000000
000000000
000000000
6