000010000
000010000
000101000
000101000
001000100
001000100
011111110
010000010
010000010
7
011111100
010000010
010000010
010000010
011111100
010000010
010000010
010000010
011111100
7
000111000
001000100
010000010
010000000
010000000
010000000
010000010
001000100
000111000
7
011111000
010000100
010000010
010000010
010000010
010000010
010000010
010000100
011111000
7
011111110
010000000
010000000
010000000
011111110
010000000
010000000
010000000
011111110
7
011111110
010000000
010000000
010000000
011111100
010000000
010000000
010000000
010000000
7
000111100
001000010
010000000
010000000
010011110
010000010
010000010
001000110
000111010
7
010000010
010000010
010000010
010000010
011111110
010000010
010000010
010000010
010000010
7
001110000
000100000
000100000
000100000
000100000
000100000
000100000
000100000
001110000
4
000000100
000000100
000000100
000000100
000000100
000000100
001000100
001000100
000111000
7
010000100
010001000
010010000
010100000
011000000
010100000
010010000
010001000
010000100
6
010000000
010000000
010000000
010000000
010000000
010000000
010000000
010000000
011111110
7
100000001
110000011
110000011
101000101
101000101
100101001
100101001
100010001
100010001
9
010000100
011000100
011000100
010100100
010100100
010010100
010010100
010001100
010001100
6
000111000
001000100
010000010
010000010
010000010
010000010
010000010
001000100
000111000
7
011111100
010000010
010000010
010000010
011111100
010000000
010000000
010000000
010000000
7
000111000
001000100
010000010
010000010
010000010
010000010
010001010
001000100
000111010
7
011111100
010000010
010000010
010000010
011111100
010000010
010000010
010000010
010000010
7
001111100
010000010
010000010
001100000
000011100
000000010
010000010
010000010
001111100
7
011111110
000010000
000010000
000010000
000010000
000010000
000010000
000010000
000010000
7
010000010
010000010
010000010
010000010
010000010
010000010
010000010
010000010
001111100
7
010000010
010000010
010000010
001000100
001000100
000101000
000101000
000010000
000010000
7
100010001
100010001
100010001
010101010
010101010
010101010
001000100
001000100
001000100
9
010000010
010000010
001000100
000101000
000010000
000101000
001000100
010000010
010000010
7
010000010
010000010
001000100
000101000
000010000
000010000
000010000
000010000
000010000
7
011111110
000000010
000000100
000001000
000010000
000100000
001000000
010000000
011111110
7